I/O completed
number of Clusters 5
number of Attributes 34

Cluster Centers Output
The first number is cluster number and the following data is arribute value
=============================================================================

0: 0.000000 303.000000 150638.000000 0.000000 0.000000 0.000000 0.000000 0.000000 0.000000 0.000000 0.000000 0.000000 0.000000 0.000000 0.000000 10.500000 28.000000 0.000000 0.000000 0.000000 0.000000 1.000000 0.000000 0.150000 25.000000 255.000000 1.000000 0.000000 0.065000 0.100000 0.000000 0.000000 0.000000 0.000000 

1: 2.000000 273.500000 1038.766724 0.000000 0.000000 0.000000 0.000000 0.000000 0.000000 0.000000 0.000000 0.000000 0.000000 0.000000 0.000000 12.183333 14.950000 0.012500 0.004667 0.000000 0.002833 1.000000 0.000000 0.092500 32.516666 255.000000 1.000000 0.000000 0.135333 0.055667 0.003333 0.002667 0.001333 0.000000 

2: 0.000000 273.500000 36084.667969 0.000000 0.000000 0.000000 0.000000 0.000000 0.000000 0.000000 0.000000 0.000000 0.000000 0.000000 0.000000 11.166667 11.500000 0.000000 0.000000 0.000000 0.000000 1.000000 0.000000 0.076667 22.000000 255.000000 1.000000 0.000000 0.085000 0.086667 0.000000 0.000000 0.000000 0.000000 

3: 0.000000 259.000000 4245.136230 0.000000 0.000000 0.000000 0.000000 0.000000 0.000000 0.000000 0.000000 0.000000 0.000000 0.000000 0.000000 6.136364 8.909091 0.000000 0.000000 0.000000 0.000000 1.000000 0.000000 0.087273 25.136364 255.000000 1.000000 0.000000 0.117727 0.060909 0.002727 0.000455 0.010909 0.000000 

4: 0.000000 271.200012 12500.500000 0.000000 0.000000 0.000000 0.000000 0.000000 0.000000 0.000000 0.000000 0.000000 0.000000 0.000000 0.000000 4.800000 5.300000 0.033000 0.014000 0.033000 0.047000 1.000000 0.000000 0.058000 26.799999 255.000000 1.000000 0.000000 0.126000 0.051000 0.003000 0.001000 0.001000 0.000000 

Time for process: 0.000697
