I/O completed
number of Clusters 5
number of Attributes 34

Cluster Centers Output
The first number is cluster number and the following data is arribute value
=============================================================================

0: 3664.938965 4313428.500000 0.000000 0.000000 0.000000 1.951220 0.000000 0.000000 0.000000 0.000000 0.000000 0.000000 0.000000 0.000000 0.000000 1.207317 1.500000 0.012195 0.013902 0.012195 0.012195 0.983780 0.032561 0.041463 53.841465 42.378048 0.739390 0.036829 0.769878 0.081341 0.007805 0.017439 0.006463 0.000488 

1: 47.425400 633.136414 494.033813 0.006467 0.000008 0.025611 0.000142 0.001363 0.000102 0.000016 0.006360 0.001064 0.000110 0.000975 0.000000 334.166840 294.552368 0.177607 0.177529 0.057569 0.057607 0.790444 0.021076 0.028587 232.701080 188.664871 0.752826 0.031040 0.604824 0.006690 0.177678 0.177361 0.058201 0.057493 

2: 34.673862 54557.832031 21945.369141 0.000000 0.001199 1.721423 0.000799 1.741407 0.001599 0.003197 0.988809 0.004796 0.000000 0.007594 0.000000 3.660671 4.021583 0.004309 0.004337 0.033329 0.082174 0.998169 0.002970 0.109125 195.452042 196.629501 0.946107 0.005488 0.032114 0.002762 0.003617 0.003733 0.044093 0.044145 

3: 44.285713 533.964294 1472426.125000 0.000000 0.000000 0.000000 0.000000 0.000000 0.000000 0.000000 0.000000 0.000000 0.000000 0.000000 0.000000 1.035714 1.071429 0.000000 0.000000 0.000000 0.000000 1.000000 0.000000 0.035714 150.214279 37.464287 0.303571 0.028214 0.115000 0.033929 0.000000 0.000000 0.000357 0.000000 

4: 552.277771 108.944443 5009690.000000 0.000000 0.000000 0.000000 0.166667 1.000000 0.055556 0.111111 0.500000 0.000000 0.000000 0.000000 0.000000 1.111111 1.111111 0.000000 0.000000 0.000000 0.000000 1.000000 0.000000 0.000000 43.944443 26.166666 0.903333 0.002222 0.833889 0.000556 0.041667 0.047778 0.042778 0.000000 

Time for process: 0.545085
