I/O completed
number of Clusters 5
number of Attributes 34

Cluster Centers Output
The first number is cluster number and the following data is arribute value
=============================================================================

0: 199.484970 43.536003 396.692017 0.019185 0.000000 0.013261 0.000011 0.011836 0.000099 0.000055 0.015096 0.000685 0.000022 0.001205 0.000000 141.015656 10.116601 0.505310 0.504643 0.254486 0.254625 0.309463 0.061617 0.021535 236.464371 51.255947 0.214815 0.096244 0.077975 0.009188 0.504808 0.504385 0.256942 0.254392 

1: 2.250000 2183339.000000 0.000000 0.000000 0.000000 0.000000 0.000000 0.000000 0.000000 0.000000 0.000000 0.000000 0.000000 0.000000 0.000000 1.750000 1.750000 0.000000 0.000000 0.000000 0.000000 1.000000 0.000000 0.000000 148.250000 61.375000 0.255000 0.053750 0.256250 0.033750 0.117500 0.000000 0.000000 0.000000 

2: 0.003202 521.321594 0.568181 0.000000 0.000000 0.000000 0.000000 0.000000 0.000000 0.000000 0.010304 0.000019 0.000000 0.000038 0.000000 490.383026 490.383942 0.000002 0.000000 0.000000 0.000000 0.999897 0.000144 0.000735 254.312286 254.040833 0.996920 0.000364 0.995862 0.000099 0.000018 0.000010 0.000037 0.000001 

3: 29.692308 489.769226 1137285.250000 0.000000 0.000000 0.000000 0.000000 0.000000 0.000000 0.000000 0.000000 0.000000 0.000000 0.000000 0.000000 1.692308 2.692308 0.038462 0.005385 0.000000 0.000000 1.000000 0.000000 0.010000 139.538467 72.307693 0.326154 0.030000 0.011538 0.046923 0.000769 0.000000 0.015385 0.044615 

4: 0.298400 1285.041016 32.062561 0.002598 0.000000 0.003676 0.000000 0.001765 0.000098 0.000000 0.000245 0.001340 0.000229 0.000474 0.000000 485.469788 485.492798 0.000078 0.000061 0.000046 0.000046 0.999196 0.001231 0.017540 248.777618 247.799240 0.979489 0.004200 0.957542 0.001014 0.000797 0.000237 0.000423 0.000099 

Time for process: 0.105624
