I/O completed
number of Clusters 5
number of Attributes 34

Cluster Centers Output
The first number is cluster number and the following data is arribute value
=============================================================================

0: 175.357147 2209990.250000 0.000000 0.000000 0.000000 0.000000 0.000000 0.000000 0.000000 0.000000 0.000000 0.000000 0.000000 0.000000 0.000000 1.714286 1.642857 0.000000 0.000000 0.071429 0.071429 0.976429 0.047857 0.000000 115.357140 54.500000 0.335000 0.054286 0.335714 0.033571 0.067143 0.000000 0.023571 0.001429 

1: 5051.677734 5134226.500000 0.000000 0.000000 0.000000 2.711864 0.000000 0.000000 0.000000 0.000000 0.000000 0.000000 0.000000 0.000000 0.000000 1.016949 1.457627 0.016949 0.019322 0.000000 0.000000 0.991525 0.016949 0.057627 31.593220 35.050846 0.890847 0.023390 0.933220 0.104407 0.010847 0.024237 0.002373 0.000339 

2: 56.275810 718.931030 230.597427 0.006943 0.000002 0.025751 0.000007 0.004628 0.000071 0.000027 0.007978 0.000701 0.000083 0.000996 0.002056 376.789551 337.600403 0.162627 0.162526 0.064069 0.064108 0.795937 0.021305 0.016308 244.122406 192.099670 0.761290 0.031653 0.685858 0.004088 0.162717 0.162414 0.064752 0.064089 

3: 1985.800049 701.200012 3525758.750000 0.000000 0.000000 0.000000 0.600000 3.600000 0.200000 0.400000 1.800000 0.000000 0.000000 0.000000 0.000000 1.000000 1.000000 0.000000 0.000000 0.000000 0.000000 1.000000 0.000000 0.000000 164.199997 69.400002 0.310000 0.038000 0.012000 0.102000 0.150000 0.172000 0.154000 0.000000 

4: 931.238098 655.000000 767574.500000 0.000000 0.000000 0.000000 0.000000 13.380953 0.000000 0.047619 13.238095 0.047619 0.000000 0.000000 0.000000 1.428571 2.047619 0.023810 0.003333 0.000000 0.000000 1.000000 0.000000 0.006190 159.285721 55.380951 0.257619 0.026190 0.008095 0.005238 0.017619 0.021905 0.009524 0.027619 

Time for process: 0.616902
