I/O completed
number of Clusters 5
number of Attributes 34

Cluster Centers Output
The first number is cluster number and the following data is arribute value
=============================================================================

0: 199.483322 43.545071 396.693420 0.019185 0.000000 0.013261 0.000011 0.011836 0.000099 0.000055 0.015096 0.000685 0.000022 0.001205 0.000000 141.014099 10.116511 0.505305 0.504638 0.254483 0.254622 0.309441 0.061618 0.021546 236.651047 51.256306 0.214779 0.096219 0.077967 0.009189 0.504811 0.504395 0.256939 0.254388 

1: 2.250000 2183339.000000 0.000000 0.000000 0.000000 0.000000 0.000000 0.000000 0.000000 0.000000 0.000000 0.000000 0.000000 0.000000 0.000000 1.750000 1.750000 0.000000 0.000000 0.000000 0.000000 1.000000 0.000000 0.000000 148.250000 61.375000 0.255000 0.053750 0.256250 0.033750 0.117500 0.000000 0.000000 0.000000 

2: 0.003296 521.328369 0.573538 0.000000 0.000000 0.000000 0.000000 0.000000 0.000000 0.000000 0.010304 0.000019 0.000000 0.000038 0.000000 490.712616 490.713562 0.000002 0.000000 0.000000 0.000000 0.999897 0.000144 0.000716 254.308563 254.039993 0.996922 0.000364 0.995845 0.000099 0.000018 0.000009 0.000037 0.000001 

3: 29.692308 489.769226 1137285.250000 0.000000 0.000000 0.000000 0.000000 0.000000 0.000000 0.000000 0.000000 0.000000 0.000000 0.000000 0.000000 1.692308 2.692308 0.038462 0.005385 0.000000 0.000000 1.000000 0.000000 0.010000 139.538467 72.307693 0.326154 0.030000 0.011538 0.046923 0.000769 0.000000 0.015385 0.044615 

4: 0.298296 1285.057861 32.053543 0.002598 0.000000 0.003676 0.000000 0.001765 0.000098 0.000000 0.000245 0.001340 0.000229 0.000474 0.000000 485.848145 485.892944 0.000078 0.000061 0.000046 0.000046 0.999197 0.001231 0.017541 248.782379 247.802551 0.979494 0.004199 0.957600 0.001014 0.000797 0.000237 0.000423 0.000099 

Time for process: 0.459615
